1-Участок, 2-ЛЭП, 3-Скважина, 4-Дом, 5-Баня, 6-Хозяйственные постройки, 7-Бассейн.
1)0;0;0;8;8;8;8;0; 2)7;7;8;8;5;6;8;5; 3)6;6;7;7;1;3;3;1; 4)3;3;5;5;5;6;6;4; 5)0;0;2;2;4;6;6;4;
1)0;0;2;3;3;6;8;0; 2)7;7;8;8;5;6;8;5; 3)6;6;7;7;1;3;3;1; 4)3;3;5;5;5;6;6;4; 
1)0;0;8;8;0;6;8;0; 2)7;7;8;8;5;6;8;5; 4)3;3;5;5;5;6;6;4; 5)0;0;2;2;4;6;6;4;
1)2;2;3;2;5;4;2.5;4 3)2.3;2;2.5;2;2.5;3.2;2.3;2.1 5)3;3;3.5;3;3.7;3.2;3;3.5
1)0;0;0;8;8;8;8;0; 2)7;7;8;8;5;6;8;5; 3)6;6;7;7;1;3;3;1; 4)3;3;5;5;5;6;6;4; 5)2;0;2;2;4;6;6;4;
1)0;0;2;3;3;6;8;0; 2)7;7;8;8;5;6;8;5; 3)6;6;7;7;1;3;3;1; 4)3;3;5;5;5;6;6;4; 
1)0;0;8;8;0;6;8;0; 2)7;7;8;8;5;6;8;5; 4)3;3;5;5;5;6;6;4; 5)0;8;2;2;4;6;6;4;
1)2;2;3;2;5;4;2.5;4 3)2.3;2;2.5;2;2.5;3.2;2.3;2.1 5)3;3;3.5;3;3.7;3.2;3;3.5
1)0;0;0;8;8;8;8;0; 2)7;7;8;8;5;6;8;5; 3)6;6;7;7;1;3;3;1; 4)3;3;5;5;5;6;6;4; 5)0;0;2;2;4;6;6;4;
1)0;0;2;3;3;6;8;0; 2)7;7;8;8;5;6;8;5; 3)6;6;7;7;1;3;3;1; 4)3;3;5;5;5;6;6;4; 
